117 
167 
201 
172 
153 
188 
184 
154 
188 
199 
184 
184 
207 
197 
207 
222 
198 
231 
213 
208 
164 
153 
121 
162 
138 
160 
133 
85 
133 
166 
228 
202 
218 
198 
198 
205 
221 
235 
194 
204 
232 
246 
221 
237 
255 
240 
255 
208 
218 
173 
187 
181 
190 
188 
178 
121 
171 
238 
255 
255 
255 
255 
255 
255 
255 
255 
255 
255 
255 
255 
255 
255 
255 
255 
255 
255 
255 
255 
255 
255 
255 
255 
225 
163 
169 
241 
255 
255 
255 
255 
255 
255 
255 
255 
255 
255 
255 
255 
255 
255 
255 
255 
255 
255 
255 
255 
245 
255 
255 
255 
228 
162 
179 
209 
255 
255 
253 
255 
255 
255 
255 
255 
255 
255 
255 
255 
255 
255 
255 
255 
255 
255 
255 
255 
249 
248 
255 
255 
242 
163 
177 
201 
255 
255 
255 
255 
255 
255 
255 
255 
255 
255 
255 
255 
255 
255 
245 
255 
255 
234 
255 
255 
255 
255 
255 
255 
252 
178 
160 
220 
255 
255 
255 
255 
255 
255 
255 
255 
255 
255 
255 
255 
255 
255 
245 
255 
255 
233 
255 
244 
255 
255 
255 
255 
247 
171 
158 
212 
255 
255 
255 
255 
255 
255 
255 
255 
255 
255 
255 
255 
255 
255 
251 
255 
255 
251 
244 
230 
254 
255 
255 
255 
230 
150 
177 
228 
255 
255 
255 
255 
255 
255 
255 
255 
255 
255 
255 
254 
254 
255 
255 
245 
251 
246 
255 
197 
239 
255 
242 
255 
211 
137 
196 
213 
255 
255 
255 
255 
255 
255 
255 
255 
255 
255 
255 
247 
255 
227 
255 
235 
255 
255 
255 
255 
255 
255 
255 
255 
224 
145 
199 
222 
255 
255 
255 
222 
231 
255 
238 
255 
255 
255 
255 
255 
255 
255 
251 
207 
249 
255 
255 
255 
255 
255 
255 
255 
205 
155 
187 
230 
255 
255 
255 
237 
225 
239 
234 
255 
255 
255 
255 
255 
255 
244 
223 
245 
228 
255 
255 
255 
255 
255 
255 
255 
204 
123 
202 
244 
255 
255 
255 
234 
213 
243 
233 
229 
255 
255 
255 
255 
255 
255 
255 
209 
221 
250 
228 
247 
255 
250 
244 
234 
207 
128 
177 
213 
255 
250 
246 
255 
224 
255 
234 
255 
242 
255 
255 
255 
255 
224 
191 
231 
255 
255 
255 
255 
255 
245 
255 
255 
210 
164 
143 
207 
211 
231 
230 
211 
255 
255 
255 
255 
243 
238 
239 
255 
255 
255 
226 
255 
226 
255 
238 
247 
255 
255 
255 
255 
220 
150 
174 
194 
224 
227 
255 
255 
255 
255 
255 
253 
255 
232 
215 
255 
252 
255 
255 
255 
255 
255 
255 
255 
255 
255 
246 
255 
214 
148 
162 
176 
227 
225 
255 
255 
255 
255 
255 
255 
255 
255 
194 
236 
227 
229 
253 
255 
255 
255 
255 
250 
225 
226 
255 
255 
246 
185 
163 
205 
237 
229 
251 
255 
255 
255 
255 
253 
255 
245 
196 
219 
229 
211 
233 
255 
255 
255 
255 
255 
255 
255 
255 
238 
207 
166 
162 
166 
196 
197 
250 
246 
244 
255 
255 
255 
230 
255 
244 
255 
204 
241 
244 
238 
254 
255 
255 
255 
255 
255 
255 
255 
237 
162 
150 
185 
253 
228 
224 
255 
252 
255 
255 
251 
235 
255 
254 
255 
255 
255 
230 
255 
255 
255 
255 
255 
255 
255 
255 
255 
212 
166 
161 
211 
252 
232 
255 
227 
244 
255 
234 
220 
255 
250 
252 
224 
245 
239 
248 
252 
255 
240 
255 
253 
255 
255 
252 
255 
226 
151 
153 
228 
255 
246 
240 
231 
241 
233 
245 
212 
229 
241 
229 
220 
243 
229 
225 
229 
255 
255 
255 
255 
255 
255 
255 
211 
185 
105 
137 
231 
255 
255 
255 
246 
229 
251 
255 
252 
247 
255 
218 
214 
215 
200 
223 
255 
255 
255 
255 
255 
255 
255 
255 
255 
177 
113 
177 
222 
255 
255 
255 
255 
251 
255 
255 
255 
255 
255 
222 
200 
240 
255 
255 
255 
255 
255 
255 
255 
255 
255 
255 
255 
185 
124 
182 
233 
255 
255 
240 
255 
255 
255 
255 
255 
255 
255 
227 
224 
233 
230 
255 
255 
240 
207 
255 
255 
255 
255 
255 
255 
194 
124 
204 
249 
255 
255 
255 
255 
255 
255 
255 
255 
221 
255 
212 
211 
214 
250 
255 
255 
255 
255 
255 
255 
255 
255 
255 
255 
193 
153 
129 
231 
255 
255 
255 
244 
211 
223 
201 
202 
205 
184 
173 
166 
180 
216 
220 
219 
228 
230 
215 
239 
207 
251 
235 
228 
189 
141 
115 
160 
205 
208 
223 
237 
182 
219 
192 
174 
175 
160 
128 
160 
147 
158 
177 
169 
178 
167 
155 
180 
170 
185 
173 
195 
136 
106 
